-4.0084922313690186
6.076815724372864
6.247057318687439
12.74280071258545
-2.2343988716602325
7.013641595840454
9.772413969039917
16.707468032836914
11.28522276878357
-31.340010166168213
-40.9812593460083
-23.67833137512207
13.215140104293823
0.637492835521698
-2.7313682436943054
14.435237646102905
3.8788902759552
-68.260178565979
-18.411563634872437
-64.79660034179688
8.586913347244263
6.8164896965026855
2.663169205188751
5.380362868309021
5.9323650598526
-0.4122866317629814
-9.005821943283081
-54.58151340484619
11.89450740814209
-4.74283754825592
7.118539810180664
3.2944396138191223
2.026234120130539
6.681712865829468
3.166540265083313
-38.94669532775879
6.861670017242432
11.987241506576538
7.542111873626709
-88.9372444152832
-4.227450788021088
1.573382318019867
5.175276398658752
-16.66037082672119
0.2388482168316841
4.716261625289917
10.563516616821289
-46.6547966003418
4.984140694141388
0.18584901466965675
9.121525287628174
-26.046507358551025
19.19015645980835
11.556693315505981
-32.160401344299316
-57.93822765350342
4.068965315818787
-3.271867334842682
3.133050799369812
-78.20555686950684
7.57148802280426
11.651203632354736
11.53815746307373
-43.428874015808105
7.035356760025024
6.091067790985107
9.93610143661499
17.588390111923218
-5.0483691692352295
-87.39520072937012
4.3826621770858765
9.082803130149841
7.036433815956116
-74.24498081207275
-60.24049758911133
2.5150656700134277
11.489176750183105
6.155151128768921
2.168688029050827
3.3515477180480957
0.6412467360496521
-3.575459122657776
1.2522715330123901
12.850147485733032
1.2539611756801605
-2.1168875694274902
15.388143062591553
15.173884630203247
6.244312524795532
7.10205614566803
-83.71023178100586
-32.968668937683105
6.991491317749023
-1.7389853298664093
10.146996974945068
-63.568115234375
0.15310285612940788
-5.1717376708984375
3.6550578474998474
-72.97402858734131
4.986755549907684
-0.10396532714366913
9.926179051399231
6.343201398849487
4.647262096405029
-79.16647911071777
-74.87451553344727
16.456105709075928
2.8945863246917725
-88.93266677856445
-65.11860370635986
-71.11907958984375
7.655090689659119
-83.2612133026123
1.1345700919628143
6.502140164375305
-0.770256519317627
3.1670743227005005
3.151158392429352
-40.69317817687988
10.939466953277588
10.81255555152893
4.503155946731567
6.012159585952759
1.894409954547882
6.210578083992004
8.536075353622437
-82.2071361541748
-0.9474729001522064
-3.987933099269867
-0.03583930665627122
10.116493701934814
6.53268039226532
-78.83651733398438
6.5172940492630005
12.776515483856201
9.623011946678162
-60.72703838348389
-27.777650356292725
11.030550003051758
4.824562668800354
5.702835321426392
5.63671350479126
-60.84925174713135
12.23556399345398
-65.02842903137207
-9.098340272903442
9.815820455551147
2.379637658596039
3.378620445728302
8.039858937263489
12.218616008758545
-9.044401049613953
11.806528568267822
4.749751687049866
-73.0365800857544
5.371590852737427
9.468082785606384
9.983167052268982
2.101399600505829
6.393023729324341
-0.37985648959875107
1.3032825291156769
-80.1541805267334
12.608070373535156
-59.37018394470215
11.28085970878601
-19.647178649902344
0.6033744290471077
-82.74181365966797
9.283419847488403
-67.47434139251709
2.6300740242004395
-6.021896600723267
7.451820969581604
-67.17128276824951
9.133774042129517
-85.59389114379883
12.195448875427246
10.676462650299072
-0.01848484738729894
-5.963614583015442
10.97951889038086
-75.06055355072021
7.685260772705078
6.473492980003357
8.289265632629395
17.553081512451172
3.7765631079673767
-88.83871078491211
15.021365880966187
8.338679671287537
-11.565032005310059
1.7601041495800018
0.9339922666549683
-62.033681869506836
2.835133969783783
-73.02438259124756
-3.2617488503456116
